0 0.52421875 0.71875 0.0796875 0.07734375
0 0.8703125 0.64765625 0.05234375 0.06171875
0 0.83046875 0.7328125 0.05859375 0.06171875
0 0.4546875 0.76953125 0.075 0.0453125
0 0.60390625 0.675 0.06640625 0.08203125
0 0.2359375 0.27421875 0.090625 0.11015625
0 0.05625 0.03984375 0.06953125 0.0296875
0 0.56171875 0.29921875 0.04765625 0.0484375
0 0.715625 0.44765625 0.06328125 0.0453125
0 0.75390625 0.596875 0.0203125 0.0265625
0 0.37734375 0.68828125 0.04453125 0.06484375
0 0.28515625 0.76796875 0.04765625 0.0515625