0 0.93046875 0.36640625 0.1296875 0.146875
0 0.81875 0.490625 0.121875 0.1203125
0 0.8234375 0.74609375 0.1046875 0.1484375
0 0.72265625 0.65234375 0.096875 0.128125
0 0.71640625 0.553125 0.059375 0.0578125
0 0.796875 0.596875 0.0890625 0.0921875
0 0.65 0.6859375 0.0578125 0.090625
0 0.71640625 0.8296875 0.0734375 0.0875
0 0.50078125 0.8125 0.08125 0.1078125
0 0.44609375 0.75546875 0.06875 0.0765625
0 0.571875 0.5828125 0.0828125 0.1046875
0 0.60625 0.3375 0.0875 0.0953125
0 0.30546875 0.3890625 0.06875 0.0859375
0 0.3109375 0.4796875 0.0609375 0.0671875
0 0.28828125 0.5296875 0.0609375 0.0734375
0 0.23671875 0.51484375 0.0453125 0.0515625
0 0.16484375 0.71796875 0.059375 0.0703125
0 0.1359375 0.78125 0.0546875 0.0609375
0 0.21328125 0.77421875 0.05625 0.078125