0 0.93359375 0.56015625 0.1328125 0.1703125
0 0.7921875 0.6265625 0.14375 0.1421875
0 0.6890625 0.86015625 0.1359375 0.1640625
0 0.6375 0.73203125 0.121875 0.1421875
0 0.6734375 0.63984375 0.0703125 0.06875
0 0.728125 0.71328125 0.10625 0.1078125
0 0.5578125 0.73203125 0.0765625 0.0984375
0 0.55625 0.890625 0.090625 0.1
0 0.36875 0.78359375 0.103125 0.1203125
0 0.34296875 0.709375 0.0828125 0.0890625
0 0.5296875 0.60546875 0.103125 0.1171875
0 0.66484375 0.39765625 0.1046875 0.1109375
0 0.3703125 0.3171875 0.0859375 0.0984375
0 0.33671875 0.4015625 0.0734375 0.078125
0 0.29609375 0.4375 0.075 0.0828125
0 0.25546875 0.40234375 0.05625 0.059375
0 0.10390625 0.55625 0.0734375 0.0796875
0 0.05078125 0.60078125 0.0671875 0.0703125
0 0.12421875 0.62734375 0.071875 0.0875