0 0.940625 0.4046875 0.11875 0.1375
0 0.81796875 0.51875 0.1125 0.11015625
0 0.80078125 0.7734375 0.09296875 0.14140625
0 0.70859375 0.67109375 0.0859375 0.1203125
0 0.7109375 0.571875 0.05546875 0.053125
0 0.7875 0.62265625 0.08125 0.0859375
0 0.63359375 0.6984375 0.05 0.0859375
0 0.68671875 0.84765625 0.0671875 0.08125
0 0.4734375 0.81171875 0.07265625 0.1015625
0 0.42421875 0.75 0.0625 0.071875
0 0.5640625 0.5890625 0.07421875 0.0984375
0 0.6203125 0.34765625 0.0796875 0.0890625
0 0.315625 0.37265625 0.0625 0.08125
0 0.31328125 0.46328125 0.05546875 0.06328125
0 0.28671875 0.5109375 0.05546875 0.06875
0 0.23671875 0.4921875 0.04140625 0.0484375
0 0.146875 0.68828125 0.05390625 0.065625
0 0.1125 0.7484375 0.05 0.05703125
0 0.190625 0.7484375 0.05 0.07421875