0 0.41953125 0.06796875 0.115625 0.1171875
0 0.69609375 0.12265625 0.128125 0.125
0 0.31328125 0.50234375 0.115625 0.1484375
0 0.55859375 0.62578125 0.1921875 0.2140625
0 0.8015625 0.91640625 0.1390625 0.146875
0 0.80703125 0.75390625 0.184375 0.1796875
0 0.64296875 0.74609375 0.1265625 0.140625
0 0.66484375 0.85390625 0.115625 0.08125
0 0.93125 0.58984375 0.1375 0.1609375
0 0.76875 0.4203125 0.125 0.134375
0 0.89609375 0.50859375 0.0703125 0.0671875
0 0.64609375 0.51484375 0.128125 0.11875
0 0.7453125 0.5140625 0.06875 0.06875
0 0.71953125 0.58515625 0.078125 0.06875
0 0.22265625 0.3046875 0.075 0.1015625
0 0.3796875 0.371875 0.0671875 0.08125
0 0.0765625 0.284375 0.0609375 0.0609375
0 0.19375 0.896875 0.0734375 0.059375