0 0.7125 0.0484375 0.13125 0.096875
0 0.56484375 0.02890625 0.0921875 0.0578125
0 0.3890625 0.2546875 0.115625 0.1125
0 0.66875 0.23203125 0.1078125 0.1046875
0 0.63203125 0.2859375 0.1234375 0.11875
0 0.5421875 0.32265625 0.1296875 0.13125
0 0.64140625 0.39609375 0.1515625 0.1515625
0 0.3890625 0.4328125 0.1375 0.140625
0 0.490625 0.4546875 0.109375 0.1015625
0 0.41953125 0.50546875 0.13125 0.125
0 0.48203125 0.63515625 0.1453125 0.1671875
0 0.3203125 0.74453125 0.1734375 0.175
0 0.40625 0.85703125 0.146875 0.146875
0 0.32734375 0.8390625 0.115625 0.121875
0 0.234375 0.84921875 0.159375 0.1453125
0 0.28671875 0.925 0.1484375 0.15
0 0.10546875 0.80078125 0.0875 0.1375
0 0.06015625 0.65859375 0.0984375 0.1140625
0 0.07265625 0.51484375 0.1203125 0.1234375
0 0.12421875 0.62734375 0.140625 0.153125
0 0.259375 0.503125 0.11875 0.11875
0 0.3 0.525 0.128125 0.1359375