0 0.3390625 0.09140625 0.1015625 0.1046875
0 0.6203125 0.0921875 0.1140625 0.1109375
0 0.0109375 0.78359375 0.021875 0.1234375
0 0.3171875 0.53828125 0.0953125 0.1390625
0 0.58125 0.6125 0.165625 0.1953125
0 0.875 0.85078125 0.121875 0.13125
0 0.84921875 0.690625 0.165625 0.159375
0 0.6875 0.7140625 0.109375 0.128125
0 0.7296875 0.81640625 0.1109375 0.0640625
0 0.940625 0.50625 0.11875 0.146875
0 0.7484375 0.37109375 0.109375 0.1203125
0 0.890625 0.4328125 0.0640625 0.059375
0 0.64609375 0.48671875 0.115625 0.103125
0 0.74375 0.4671875 0.0625 0.0625
0 0.73125 0.5421875 0.071875 0.059375
0 0.190625 0.3609375 0.059375 0.096875
0 0.3578125 0.396875 0.05625 0.0765625
0 0.04375 0.36875 0.0546875 0.0546875
0 0.275 0.9484375 0.06875 0.05