0 0.871875 0.14609375 0.103125 0.1015625
0 0.74140625 0.07890625 0.0796875 0.0546875
0 0.4890625 0.23046875 0.090625 0.0859375
0 0.75703125 0.31484375 0.084375 0.0796875
0 0.703125 0.35078125 0.0984375 0.0890625
0 0.60546875 0.3515625 0.1015625 0.1015625
0 0.6703125 0.45625 0.1171875 0.11875
0 0.42265625 0.39609375 0.1046875 0.1109375
0 0.50859375 0.4546875 0.0890625 0.075
0 0.4234375 0.475 0.1046875 0.0953125
0 0.4328125 0.61875 0.1015625 0.140625
0 0.2421875 0.659375 0.1328125 0.1375
0 0.2796875 0.79609375 0.1125 0.115625
0 0.21328125 0.74921875 0.0859375 0.0984375
0 0.12265625 0.72421875 0.13125 0.10625
0 0.14140625 0.81953125 0.1078125 0.1296875
0 0.021875 0.63125 0.040625 0.134375
0 0.0328125 0.48203125 0.065625 0.0984375
0 0.0984375 0.35390625 0.0921875 0.096875
0 0.10390625 0.47734375 0.1015625 0.1265625
0 0.27578125 0.4125 0.0921875 0.0921875
0 0.30546875 0.4484375 0.0953125 0.109375