0 0.15625 0.44296875 0.10859375 0.09765625
0 0.12421875 0.40078125 0.1296875 0.1265625
0 0.0328125 0.5140625 0.0609375 0.1
0 0.04375 0.63046875 0.084375 0.10859375
0 0.14296875 0.67734375 0.1109375 0.0890625
0 0.11953125 0.73046875 0.06953125 0.06875
0 0.26953125 0.94296875 0.13984375 0.1109375
0 0.2640625 0.89375 0.0859375 0.10078125
0 0.303125 0.78515625 0.134375 0.14765625
0 0.23671875 0.6203125 0.0625 0.06484375
0 0.2921875 0.64375 0.05703125 0.07265625
0 0.3640625 0.6328125 0.0875 0.08203125
0 0.3328125 0.53984375 0.08671875 0.1
0 0.67421875 0.71875 0.06796875 0.10625
0 0.7328125 0.696875 0.13984375 0.12265625
0 0.64765625 0.596875 0.1203125 0.1171875
0 0.57109375 0.6671875 0.15 0.14296875
0 0.59609375 0.53515625 0.13984375 0.1171875
0 0.90234375 0.41953125 0.115625 0.11875
0 0.98125 0.45234375 0.03515625 0.10234375
0 0.9609375 0.35703125 0.07578125 0.10859375
0 0.8921875 0.71875 0.1265625 0.1453125