0 0.84921875 0.7703125 0.1171875 0.125
0 0.55078125 0.6796875 0.0640625 0.075
0 0.61640625 0.70390625 0.046875 0.0875
0 0.56875 0.85390625 0.08125 0.0859375
0 0.3953125 0.825 0.065625 0.075
0 0.4546875 0.865625 0.0984375 0.0984375
0 0.27265625 0.6984375 0.1359375 0.16875
0 0.10546875 0.67890625 0.1296875 0.1296875
0 0.03828125 0.55234375 0.0765625 0.1265625
0 0.0328125 0.6984375 0.065625 0.096875
0 0.03515625 0.471875 0.0609375 0.0671875
0 0.28828125 0.41328125 0.1046875 0.1078125
0 0.37265625 0.33671875 0.0890625 0.1109375
0 0.43828125 0.45390625 0.103125 0.096875
0 0.55546875 0.35 0.1046875 0.103125
0 0.38828125 0.46953125 0.0671875 0.075
0 0.915625 0.3 0.13125 0.153125
0 0.95703125 0.5125 0.0859375 0.0875
0 0.83125 0.49453125 0.0640625 0.071875
0 0.89375 0.52421875 0.0546875 0.0921875
0 0.61640625 0.496875 0.115625 0.1265625
0 0.7453125 0.546875 0.1109375 0.0875
0 0.68203125 0.57109375 0.03125 0.053125
0 0.7 0.5890625 0.0609375 0.0765625
0 0.70390625 0.45234375 0.0890625 0.084375
0 0.546875 0.34921875 0.1 0.1078125
0 0.27734375 0.39765625 0.1078125 0.1171875
0 0.33046875 0.46171875 0.021875 0.0203125
0 0.12421875 0.5515625 0.09375 0.0765625