0 0.81875 0.80546875 0.128125 0.134375
0 0.53203125 0.68359375 0.071875 0.08125
0 0.59375 0.71484375 0.05625 0.090625
0 0.53203125 0.859375 0.0890625 0.09375
0 0.36171875 0.81171875 0.0734375 0.08125
0 0.4171875 0.85859375 0.10625 0.10625
0 0.253125 0.6734375 0.1515625 0.1796875
0 0.0890625 0.63671875 0.140625 0.140625
0 0.03984375 0.503125 0.0796875 0.134375
0 0.02578125 0.64765625 0.0515625 0.1015625
0 0.040625 0.4234375 0.065625 0.071875
0 0.29921875 0.39140625 0.115625 0.1171875
0 0.38984375 0.32421875 0.1 0.11875
0 0.44375 0.44765625 0.1109375 0.10625
0 0.57109375 0.35703125 0.1140625 0.1125
0 0.3921875 0.45859375 0.075 0.08125
0 0.93046875 0.34453125 0.1390625 0.1640625
0 0.953125 0.56015625 0.09375 0.0953125
0 0.8296875 0.5296875 0.0703125 0.078125
0 0.8890625 0.565625 0.0640625 0.096875
0 0.61640625 0.50859375 0.1265625 0.1359375
0 0.7390625 0.571875 0.11875 0.0984375
0 0.6734375 0.58984375 0.0359375 0.0546875
0 0.68984375 0.609375 0.0671875 0.0828125
0 0.7078125 0.4734375 0.0953125 0.0921875
0 0.5625 0.3546875 0.109375 0.1171875
0 0.28984375 0.375 0.11875 0.1265625
0 0.3359375 0.44375 0.0234375 0.021875
0 0.12109375 0.51171875 0.1 0.084375