0 0.15546875 0.44921875 0.1109375 0.1
0 0.12265625 0.40703125 0.13125 0.128125
0 0.0328125 0.521875 0.0625 0.1015625
0 0.04609375 0.63828125 0.0859375 0.109375
0 0.14609375 0.68359375 0.1125 0.090625
0 0.1234375 0.73671875 0.0703125 0.0703125
0 0.27734375 0.94453125 0.1421875 0.1109375
0 0.27109375 0.89765625 0.0875 0.1015625
0 0.3078125 0.78828125 0.1375 0.15
0 0.2390625 0.625 0.0640625 0.065625
0 0.29453125 0.64765625 0.0578125 0.0734375
0 0.36640625 0.63515625 0.0890625 0.0828125
0 0.33359375 0.54296875 0.0890625 0.1015625
0 0.678125 0.715625 0.0703125 0.1078125
0 0.7359375 0.69296875 0.1421875 0.125
0 0.64921875 0.59453125 0.121875 0.11875
0 0.57421875 0.665625 0.153125 0.1453125
0 0.596875 0.53359375 0.1421875 0.1203125
0 0.90078125 0.4125 0.1171875 0.1203125
0 0.98046875 0.44375 0.0375 0.103125
0 0.95859375 0.34921875 0.078125 0.109375
0 0.89609375 0.71171875 0.1296875 0.146875