0 0.15390625 0.53984375 0.13125 0.1234375
0 0.11171875 0.50859375 0.159375 0.1578125
0 0.0546875 0.6421875 0.0859375 0.1125
0 0.09765625 0.7515625 0.1109375 0.128125
0 0.20546875 0.76875 0.13125 0.115625
0 0.19765625 0.8265625 0.0859375 0.0859375
0 0.4 0.9578125 0.165625 0.084375
0 0.38203125 0.94140625 0.1109375 0.1171875
0 0.3890625 0.828125 0.1703125 0.1796875
0 0.28046875 0.68828125 0.078125 0.0796875
0 0.33984375 0.6953125 0.075 0.0859375
0 0.40625 0.66484375 0.10625 0.103125
0 0.35 0.584375 0.1109375 0.1203125
0 0.728125 0.6625 0.0953125 0.1203125
0 0.778125 0.625 0.16875 0.15625
0 0.66875 0.55234375 0.1484375 0.1453125
0 0.6140625 0.64140625 0.184375 0.178125
0 0.60234375 0.50703125 0.1671875 0.1515625
0 0.86484375 0.31171875 0.14375 0.1453125
0 0.94921875 0.321875 0.0625 0.1078125
0 0.90390625 0.23515625 0.103125 0.125
0 0.928125 0.6015625 0.14375 0.175