0 0.33984375 0.2671875 0.05390625 0.03359375
0 0.403125 0.34140625 0.09375 0.090625
0 0.24609375 0.52421875 0.08515625 0.09140625
0 0.3109375 0.47109375 0.08046875 0.0859375
0 0.38359375 0.45078125 0.06640625 0.07109375
0 0.33046875 0.57734375 0.09375 0.1078125
0 0.271875 0.59921875 0.0484375 0.059375
0 0.29609375 0.65546875 0.07734375 0.0671875
0 0.24765625 0.80390625 0.0640625 0.0734375
0 0.1875 0.8453125 0.0609375 0.059375
0 0.2484375 0.8640625 0.05546875 0.05234375
0 0.30859375 0.78671875 0.02578125 0.0625
0 0.5765625 0.56875 0.1015625 0.10546875
0 0.54609375 0.6296875 0.03359375 0.05625
0 0.615625 0.60234375 0.05390625 0.05078125
0 0.68046875 0.69375 0.1015625 0.128125
0 0.86484375 0.66640625 0.04609375 0.04375