0 0.3359375 0.2703125 0.0546875 0.034375
0 0.4 0.34296875 0.0953125 0.0921875
0 0.246875 0.52890625 0.0875 0.0921875
0 0.31015625 0.47421875 0.08125 0.0875
0 0.3828125 0.453125 0.0671875 0.071875
0 0.33203125 0.58046875 0.0953125 0.109375
0 0.2734375 0.603125 0.05 0.0609375
0 0.29921875 0.659375 0.078125 0.06875
0 0.253125 0.80859375 0.065625 0.075
0 0.19375 0.85078125 0.0625 0.0609375
0 0.2546875 0.86875 0.05625 0.053125
0 0.31328125 0.78984375 0.0265625 0.0625
0 0.578125 0.5671875 0.103125 0.1078125
0 0.5484375 0.62890625 0.034375 0.05625
0 0.6171875 0.6 0.0546875 0.0515625
0 0.68359375 0.690625 0.103125 0.1296875
0 0.86796875 0.66015625 0.046875 0.0453125