0 0.27734375 0.5875 0.140625 0.121875
0 0.6328125 0.48125 0.1203125 0.115625
0 0.70625 0.48046875 0.0234375 0.0296875
0 0.4265625 0.70703125 0.0875 0.0953125
0 0.48671875 0.72734375 0.0953125 0.0984375
0 0.53515625 0.74140625 0.09375 0.109375
0 0.434375 0.784375 0.1 0.1015625
0 0.3984375 0.8890625 0.1359375 0.1390625
0 0.3 0.9171875 0.1484375 0.1546875
0 0.215625 0.79453125 0.1109375 0.109375
0 0.52421875 0.59921875 0.0828125 0.0875
0 0.675 0.640625 0.1046875 0.1140625
0 0.803125 0.63828125 0.1078125 0.1203125
0 0.7359375 0.6796875 0.103125 0.103125
0 0.7046875 0.73671875 0.090625 0.0921875
0 0.8890625 0.6015625 0.0875 0.103125
0 0.959375 0.61171875 0.08125 0.1046875
0 0.978125 0.603125 0.04375 0.115625
0 0.9828125 0.46328125 0.034375 0.0609375