0 0.2625 0.47265625 0.128125 0.0984375
0 0.62578125 0.5453125 0.1046875 0.0984375
0 0.690625 0.5796875 0.01875 0.028125
0 0.3375 0.6484375 0.071875 0.084375
0 0.38125 0.69453125 0.0796875 0.0875
0 0.4171875 0.72890625 0.0765625 0.0984375
0 0.30859375 0.7203125 0.0859375 0.0875
0 0.22734375 0.7953125 0.1171875 0.121875
0 0.128125 0.775 0.1265625 0.134375
0 0.1109375 0.62578125 0.096875 0.0921875
0 0.47421875 0.59921875 0.0703125 0.0765625
0 0.5890625 0.70625 0.0875 0.1015625
0 0.703125 0.7640625 0.0875 0.1078125
0 0.62421875 0.76953125 0.0890625 0.0875
0 0.56953125 0.80546875 0.0765625 0.0796875
0 0.7953125 0.77265625 0.0703125 0.09375
0 0.8625 0.8203125 0.0859375 0.0921875
0 0.89765625 0.828125 0.075 0.1078125
0 0.95546875 0.70078125 0.0515625 0.0515625