0 0.15 0.61953125 0.0984375 0.096875
0 0.21953125 0.63359375 0.01875 0.025
0 0.0328125 0.70078125 0.034375 0.0671875
0 0.14765625 0.76875 0.09375 0.09375
0 0.27421875 0.8046875 0.0828125 0.1
0 0.2015625 0.82578125 0.0765625 0.08125
0 0.1484375 0.875 0.0875 0.090625
0 0.51796875 0.6890625 0.071875 0.065625
0 0.3640625 0.79140625 0.0828125 0.0953125
0 0.46171875 0.82734375 0.1171875 0.1109375
0 0.5734375 0.7890625 0.075 0.1359375
0 0.59609375 0.73984375 0.059375 0.0625
0 0.87265625 0.75078125 0.0890625 0.10625
0 0.96875 0.65078125 0.0625 0.0703125