0 0.5609375 0.38125 0.1640625 0.190625
0 0.603125 0.4484375 0.125 0.13125
0 0.6875 0.4140625 0.1453125 0.1625
0 0.63203125 0.734375 0.15625 0.18125
0 0.9578125 0.61015625 0.0578125 0.0671875
0 0.75234375 0.57734375 0.0625 0.040625
0 0.375 0.346875 0.1015625 0.1359375
0 0.5109375 0.49140625 0.075 0.0765625
0 0.4890625 0.58203125 0.10625 0.1359375
0 0.40625 0.55546875 0.1046875 0.125
0 0.3296875 0.52578125 0.1171875 0.13125
0 0.3078125 0.59609375 0.0625 0.06875
0 0.28828125 0.5390625 0.078125 0.0828125
0 0.15390625 0.4421875 0.0625 0.0765625
0 0.13203125 0.34453125 0.040625 0.0484375
0 0.15859375 0.3765625 0.034375 0.040625
0 0.11328125 0.31875 0.0375 0.04375
0 0.08203125 0.3078125 0.0453125 0.05625
0 0.04609375 0.315625 0.0515625 0.0953125