0 0.4890625 0.3671875 0.1734375 0.196875
0 0.56015625 0.4015625 0.13125 0.1359375
0 0.61328125 0.32734375 0.153125 0.1671875
0 0.73671875 0.62890625 0.1640625 0.1875
0 0.946875 0.35078125 0.0609375 0.0703125
0 0.7546875 0.43203125 0.0625 0.04375
0 0.3125 0.43671875 0.109375 0.1390625
0 0.5046875 0.48671875 0.078125 0.0796875
0 0.534375 0.575 0.1125 0.1390625
0 0.45 0.596875 0.109375 0.128125
0 0.36953125 0.6125 0.121875 0.1359375
0 0.38828125 0.68359375 0.065625 0.071875
0 0.34140625 0.6453125 0.08125 0.0859375
0 0.17578125 0.634375 0.0671875 0.078125
0 0.10546875 0.56328125 0.0421875 0.0484375
0 0.1453125 0.57578125 0.0359375 0.0421875
0 0.0765625 0.5515625 0.040625 0.0453125
0 0.04375 0.55859375 0.0484375 0.05625
0 0.02265625 0.584375 0.0453125 0.096875