0 0.0390625 0.628125 0.0625 0.084375
0 0.203125 0.725 0.078125 0.0921875
0 0.24921875 0.69296875 0.06875 0.0828125
0 0.40234375 0.80390625 0.084375 0.0953125
0 0.42265625 0.74609375 0.084375 0.075
0 0.515625 0.80625 0.078125 0.0890625
0 0.48984375 0.69765625 0.05 0.0609375
0 0.659375 0.61796875 0.0765625 0.0875
0 0.7078125 0.36484375 0.0890625 0.1046875
0 0.82109375 0.4921875 0.0765625 0.10625
0 0.86171875 0.44453125 0.0875 0.1046875
0 0.95390625 0.453125 0.0796875 0.0921875
0 0.99765625 0.578125 0.0046875 0.046875
0 0.80546875 0.890625 0.065625 0.071875
0 0.94140625 0.78515625 0.03125 0.04375