0 0.04609375 0.6515625 0.065625 0.0859375
0 0.215625 0.73984375 0.0828125 0.0953125
0 0.26015625 0.70546875 0.0734375 0.0859375
0 0.41796875 0.80859375 0.0875 0.0984375
0 0.43515625 0.75 0.0875 0.078125
0 0.53125 0.8046875 0.08125 0.090625
0 0.5 0.6984375 0.053125 0.0625
0 0.665625 0.609375 0.0796875 0.090625
0 0.7 0.3546875 0.09375 0.1078125
0 0.81953125 0.475 0.08125 0.109375
0 0.8578125 0.42578125 0.0921875 0.1078125
0 0.95078125 0.42890625 0.0828125 0.0953125
0 0.82578125 0.87421875 0.06875 0.075
0 0.95625 0.76171875 0.0328125 0.0453125