0 0.03828125 0.4171875 0.0765625 0.13125
0 0.1796875 0.50546875 0.0875 0.1
0 0.271875 0.5171875 0.0671875 0.103125
0 0.43515625 0.5125 0.0671875 0.0921875
0 0.52265625 0.52890625 0.0765625 0.115625
0 0.475 0.6046875 0.090625 0.090625
0 0.33359375 0.65 0.0734375 0.0921875
0 0.3953125 0.6546875 0.0296875 0.0953125
0 0.875 0.3578125 0.096875 0.1140625
0 0.0984375 0.95 0.06875 0.0875
0 0.234375 0.85390625 0.053125 0.0609375
0 0.6703125 0.9265625 0.0546875 0.0640625
0 0.51484375 0.91796875 0.0359375 0.040625
0 0.128125 0.559375 0.0796875 0.1078125
0 0.6984375 0.68046875 0.1046875 0.1