0 0.07578125 0.284375 0.103125 0.1375
0 0.1921875 0.41171875 0.096875 0.1078125
0 0.2765625 0.44921875 0.078125 0.109375
0 0.434375 0.49296875 0.0765625 0.0984375
0 0.51328125 0.534375 0.0890625 0.121875
0 0.4453125 0.59296875 0.1 0.1
0 0.296875 0.5953125 0.0828125 0.1
0 0.3546875 0.61796875 0.040625 0.096875
0 0.9 0.47421875 0.109375 0.1234375
0 0.01171875 0.8125 0.0234375 0.09375
0 0.14296875 0.7609375 0.059375 0.065625
0 0.53828125 0.9578125 0.0609375 0.06875
0 0.39140625 0.90390625 0.040625 0.04375
0 0.1265625 0.44765625 0.090625 0.1140625
0 0.6375 0.73046875 0.1140625 0.109375