0 0.0203125 0.60390625 0.040625 0.1109375
0 0.0390625 0.653125 0.078125 0.125
0 0.1078125 0.51015625 0.09375 0.0875
0 0.228125 0.6453125 0.1171875 0.1203125
0 0.19453125 0.7578125 0.1 0.1125
0 0.27109375 0.73359375 0.1 0.1046875
0 0.36015625 0.7375 0.1171875 0.128125
0 0.46640625 0.75703125 0.1015625 0.1125
0 0.54296875 0.82421875 0.1078125 0.1125
0 0.58671875 0.84296875 0.0890625 0.128125
0 0.703125 0.815625 0.09375 0.0984375
0 0.75234375 0.790625 0.0703125 0.071875
0 0.68046875 0.7046875 0.0859375 0.078125