0 0.01796875 0.51484375 0.0359375 0.1171875
0 0.03203125 0.5671875 0.0640625 0.134375
0 0.11171875 0.4421875 0.1 0.096875
0 0.20703125 0.59609375 0.128125 0.13125
0 0.1546875 0.7015625 0.1109375 0.1203125
0 0.23359375 0.690625 0.109375 0.1140625
0 0.32109375 0.709375 0.1296875 0.1375
0 0.421875 0.74765625 0.1125 0.1203125
0 0.4859375 0.8265625 0.11875 0.121875
0 0.52578125 0.853125 0.1046875 0.13125
0 0.6453125 0.84609375 0.103125 0.10625
0 0.69765625 0.8296875 0.0765625 0.078125
0 0.6421875 0.7328125 0.0921875 0.0875