0 0.00625 0.675 0.0109375 0.03984375
0 0.03515625 0.7234375 0.0703125 0.096875
0 0.07109375 0.765625 0.09453125 0.1046875
0 0.121875 0.6046875 0.07890625 0.0703125
0 0.27109375 0.70703125 0.09609375 0.10078125
0 0.26640625 0.82421875 0.07890625 0.09609375
0 0.334375 0.78203125 0.08046875 0.08828125
0 0.421875 0.7640625 0.09296875 0.109375
0 0.5296875 0.7578125 0.08046875 0.0953125
0 0.6203125 0.80390625 0.08828125 0.09453125
0 0.6671875 0.81171875 0.0625 0.11640625
0 0.7734375 0.75703125 0.07578125 0.08203125
0 0.81484375 0.72109375 0.0578125 0.059375
0 0.72421875 0.6546875 0.0734375 0.0625