0 0.14296875 0.53125 0.08828125 0.09296875
0 0.23359375 0.459375 0.0625 0.08203125
0 0.1515625 0.41953125 0.04296875 0.06953125
0 0.20078125 0.6328125 0.08046875 0.1125
0 0.253125 0.75390625 0.08515625 0.13359375
0 0.34296875 0.74453125 0.07734375 0.13046875
0 0.39453125 0.7796875 0.04921875 0.09296875
0 0.49140625 0.66015625 0.06171875 0.090625
0 0.56171875 0.58125 0.05546875 0.07890625
0 0.60703125 0.5578125 0.05625 0.084375
0 0.61015625 0.73828125 0.05703125 0.090625
0 0.8640625 0.71875 0.02578125 0.0515625