0 0.28359375 0.11796875 0.08984375 0.09296875
0 0.5625 0.0796875 0.10234375 0.096875
0 0.0296875 0.85234375 0.059375 0.115625
0 0.32421875 0.56328125 0.07734375 0.1296875
0 0.59609375 0.6 0.14296875 0.1765625
0 0.9203125 0.7953125 0.10625 0.11796875
0 0.87265625 0.63984375 0.146875 0.13984375
0 0.715625 0.6859375 0.09375 0.11640625
0 0.77109375 0.78125 0.1046875 0.05
0 0.940625 0.44453125 0.10625 0.13359375
0 0.728125 0.3375 0.0953125 0.10859375
0 0.87734375 0.37890625 0.05703125 0.0515625
0 0.64296875 0.46640625 0.1046875 0.08984375
0 0.73671875 0.43359375 0.0546875 0.0546875
0 0.73515625 0.509375 0.065625 0.05
0 0.17421875 0.40546875 0.04765625 0.09140625
0 0.34453125 0.41796875 0.04765625 0.0703125
0 0.0296875 0.43359375 0.04765625 0.0484375
0 0.33984375 0.975 0.0640625 0.04140625