0 0.878125 0.15234375 0.10078125 0.1
0 0.7484375 0.0828125 0.078125 0.053125
0 0.49375 0.23046875 0.08984375 0.084375
0 0.76015625 0.31953125 0.0828125 0.07890625
0 0.70546875 0.3546875 0.09765625 0.0875
0 0.6078125 0.353125 0.09921875 0.1
0 0.67109375 0.459375 0.115625 0.11640625
0 0.42421875 0.39453125 0.10234375 0.109375
0 0.509375 0.4546875 0.08828125 0.0734375
0 0.42421875 0.4734375 0.10234375 0.09296875
0 0.43046875 0.6171875 0.09921875 0.1390625
0 0.2390625 0.6546875 0.13046875 0.13515625
0 0.27421875 0.7921875 0.1109375 0.11328125
0 0.20859375 0.74453125 0.084375 0.096875
0 0.11875 0.71796875 0.12890625 0.10390625
0 0.1359375 0.81328125 0.10625 0.128125
0 0.01953125 0.62265625 0.0390625 0.13359375
0 0.0328125 0.47421875 0.065625 0.096875
0 0.10078125 0.346875 0.08984375 0.0953125
0 0.1046875 0.4703125 0.09921875 0.12421875
0 0.27734375 0.40859375 0.08984375 0.09140625
0 0.30625 0.4453125 0.09296875 0.1078125