0 0.8625 0.7515625 0.1109375 0.11875
0 0.56015625 0.6765625 0.0609375 0.071875
0 0.6265625 0.69765625 0.04296875 0.08515625
0 0.5875 0.85 0.0765625 0.08203125
0 0.4125 0.8296875 0.0625 0.071875
0 0.47421875 0.8671875 0.09296875 0.09296875
0 0.28359375 0.71015625 0.12734375 0.1625
0 0.115625 0.69921875 0.1234375 0.1234375
0 0.03828125 0.57734375 0.0765625 0.1234375
0 0.040625 0.72265625 0.06640625 0.09296875
0 0.034375 0.49609375 0.05703125 0.0640625
0 0.284375 0.42421875 0.1 0.103125
0 0.3640625 0.34375 0.084375 0.10625
0 0.4359375 0.45703125 0.0984375 0.09140625
0 0.54765625 0.34765625 0.1 0.09765625
0 0.38671875 0.47578125 0.0640625 0.071875
0 0.9046875 0.27890625 0.1234375 0.14609375
0 0.9578125 0.48828125 0.08359375 0.08359375
0 0.83046875 0.47734375 0.0609375 0.06875
0 0.89453125 0.50390625 0.05 0.08984375
0 0.61640625 0.490625 0.109375 0.1203125
0 0.74765625 0.53359375 0.10703125 0.08203125
0 0.68515625 0.56171875 0.02890625 0.0515625
0 0.7046875 0.578125 0.05703125 0.07421875
0 0.70078125 0.44140625 0.084375 0.08046875
0 0.5390625 0.346875 0.09453125 0.103125
0 0.27265625 0.409375 0.10234375 0.1125
0 0.32890625 0.4703125 0.02109375 0.01953125
0 0.12734375 0.57109375 0.08984375 0.071875