0 0.1390625 0.58203125 0.0890625 0.0875
0 0.20703125 0.60390625 0.01640625 0.0234375
0 0.0140625 0.65078125 0.028125 0.0640625
0 0.121875 0.73046875 0.08515625 0.0859375
0 0.24375 0.7796875 0.07421875 0.09296875
0 0.16875 0.79296875 0.06875 0.075
0 0.1109375 0.8359375 0.0796875 0.0828125
0 0.4984375 0.68984375 0.065625 0.059375
0 0.334375 0.77578125 0.07421875 0.0875
0 0.42734375 0.821875 0.10703125 0.1
0 0.54296875 0.7953125 0.06171875 0.1296875
0 0.5703125 0.7484375 0.053125 0.0578125
0 0.84453125 0.78828125 0.0796875 0.0984375
0 0.953125 0.69921875 0.06015625 0.06484375