0 0.2609375 0.5015625 0.11875 0.084375
0 0.63046875 0.5296875 0.09453125 0.08828125
0 0.69921875 0.55546875 0.01484375 0.0265625
0 0.35703125 0.6671875 0.06328125 0.07734375
0 0.40625 0.7078125 0.07109375 0.07890625
0 0.44609375 0.7375 0.065625 0.09140625
0 0.33671875 0.7421875 0.0765625 0.07890625
0 0.265625 0.8265625 0.10390625 0.109375
0 0.1640625 0.81796875 0.1125 0.121875
0 0.12890625 0.67265625 0.0875 0.0828125
0 0.48671875 0.6015625 0.06171875 0.06953125
0 0.61328125 0.69375 0.0765625 0.09296875
0 0.73359375 0.7375 0.0765625 0.1
0 0.65625 0.75234375 0.08046875 0.07890625
0 0.60625 0.79453125 0.06875 0.071875
0 0.8265625 0.734375 0.06015625 0.0875
0 0.8984375 0.7734375 0.0765625 0.0828125
0 0.934375 0.77734375 0.0640625 0.1
0 0.9765625 0.64375 0.046875 0.046875
0 0.96015625 0.98671875 0.05859375 0.02578125