0 0.53046875 0.3703125 0.128125 0.16484375
0 0.5875 0.425 0.10234375 0.109375
0 0.6609375 0.37109375 0.115625 0.13828125
0 0.68515625 0.6953125 0.12109375 0.15703125
0 0.97109375 0.49609375 0.0453125 0.05859375
0 0.76328125 0.5140625 0.05703125 0.028125
0 0.34140625 0.38203125 0.075 0.12109375
0 0.50859375 0.4890625 0.0609375 0.0640625
0 0.509375 0.58203125 0.07890625 0.12109375
0 0.42265625 0.5765625 0.08046875 0.10859375
0 0.34140625 0.56640625 0.0921875 0.1125
0 0.33671875 0.63984375 0.05 0.05859375
0 0.30390625 0.5890625 0.06328125 0.06953125
0 0.15 0.52734375 0.0484375 0.0671875
0 0.10546875 0.43828125 0.03125 0.04140625
0 0.1390625 0.4625 0.02578125 0.0359375
0 0.08125 0.41796875 0.0296875 0.03828125
0 0.04765625 0.41484375 0.03515625 0.0484375
0 0.01484375 0.43125 0.0296875 0.09140625