0 0.02578125 0.5625 0.0515625 0.07734375
0 0.175 0.68125 0.0671875 0.084375
0 0.225 0.65625 0.059375 0.07578125
0 0.3609375 0.7875 0.07265625 0.0859375
0 0.3890625 0.7328125 0.0765625 0.06484375
0 0.47265625 0.80546875 0.06796875 0.0796875
0 0.4625 0.69453125 0.04296875 0.05546875
0 0.64140625 0.6390625 0.06640625 0.07890625
0 0.72421875 0.3953125 0.0765625 0.0953125
0 0.81875 0.53671875 0.0640625 0.0984375
0 0.865625 0.4953125 0.07578125 0.09453125
0 0.95625 0.51640625 0.06796875 0.08359375
0 0.99140625 0.64765625 0.0171875 0.0453125
0 0.7484375 0.9296875 0.0578125 0.06484375
0 0.89765625 0.84375 0.025 0.04140625