0 0.03984375 0.37734375 0.0796875 0.12421875
0 0.18046875 0.47734375 0.0796875 0.09296875
0 0.27109375 0.496875 0.059375 0.0984375
0 0.434375 0.50703125 0.059375 0.0875
0 0.5203125 0.53046875 0.06796875 0.11015625
0 0.465625 0.60234375 0.08359375 0.084375
0 0.32109375 0.63515625 0.065625 0.0875
0 0.38203125 0.6453125 0.02109375 0.09453125
0 0.8859375 0.39140625 0.08828125 0.10703125
0 0.0609375 0.91328125 0.0625 0.0828125
0 0.2046875 0.8296875 0.0484375 0.05703125
0 0.6328125 0.93984375 0.05 0.06015625
0 0.478125 0.91796875 0.0328125 0.03828125
0 0.12421875 0.5265625 0.07109375 0.1015625
0 0.68203125 0.696875 0.096875 0.09140625